$ANSIBLE_VAULT;1.1;AES256
32653832646138613366393062393336353032313731333762616435666665623931373637333338
3234636563383331616465396466663164663832653835640a393539623732376535643663326164
30323330326533386461363963323639666234346632396139303232333831663463393338346332
6533353661653362300a306333623037333761613630333165306338353466323636616437353035
65626365313137313334643064613061633637633739323534633337613339396338373834666331
30393262326430376463636461346563636630343564353666326230656436383536376164636162
35613333343536353864343639613231643061626462653933626539353963623763376266303830
61386166353539303238393239363665636463343866643631303032643830626166313837653566
61643630633635316261646135646539383936346431616233336363333564653831323038363931
37346432333562323935623139633030396539303035343031333932626638636534366430376136
64326632616466376562383433333963323839623831323334363064623563333834346566396230
63383036383030636331613564623933346261316139633462336430393834383637623333333166
33616264613731386234666239376461383061656362653732663435306366646264393839303936
36646664653236363966373937663234393937396130623339616533636534353931303238316235
33356635366161616239376533323564353661363262396536653639656134653631393635393766
65346565363266663665353234393063653738616637383538393466336461633563386433646334
35613234626562303462303334313734333163306663613735653136613339323239383530666631
32643465303065303735383434313335303236386165353961343430323339376131306261643036
61616436363466353331353934383162323766633866346564336236326265353532656531396561
34346661633566623562613965346433336337616631333035363935303765336261383336643563
34356263303562373634656362663531633262316336643562383062626564633631383566333466
64356632393839346330306130663736393965366661653634356665363039636266623934653664
30306565383737396164333165633034363964646334336262666563303861646239343833306531
36666234666533343261
