$ANSIBLE_VAULT;1.1;AES256
39306361353032396638623363346463383763393034373262316362323662613136306565313432
6239356138666535333035366162656636316237366562310a323237386131303165393535643332
32393863343731643363346535663930626331386661356634323534613538363832636166613039
6561346437653164320a376135383637643531623566306537363536386338336665303366383138
32616139616362373737396161376564656230653735353366353734313130613736643463396364
62323131396134623932613836626438306361646536333630383136303165666335663066353162
33316437306566343462646439393534636366653062353331373637663237383238336630383935
31343134323734316661646134343339646432313664313030623361343161623035373434613439
38393961663132386634343532613234306535333064663837383533663733376463326262636432
64316362313462663236353039613930653536616566373335346636343862303161633735376336
38386566366138343435303937346131656539616530623664366538383330336433373136363963
36633030313137643462653334306433356533306132346563633764356466373430353862316235
61643138303332373735653530303331336363656237316539663262303237336234393565613062
61366665323963393433303435323434626361396630306261363261303737306634636534633366
38356163373732666335383635653438643638363433356266346330666631623531396134306566
39323831393863313363386262353635356534303665376136353331343062646364363966373864
30353531643134336334666539613763656434613064366639373262653036343766653634646330
36343536653561396232656230303030663966303631373261363734323838386263613261666466
38656439663266633933376130383466623562336230643239616337663565643766643934633439
38333030633231393634383137376138353863316336346335346133316236616534333435313134
39383736623239393433396165386465306462336131396139303339616663643564303538383165
30633431623061346434366662326661363433663235666262326165353930616530373335343538
31363965623735363032396661396236323464623461373834376639366161383936326530323631
30306533376632343962363535616436393463643135326466376662363832316235613034643536
38643262663462353565353837316261336364653032626333636536663538616166633062653664
3537323561333731353233323962663039653537336538376635
